0 0.49453125 0.45234375 0.54765625 0.18671875
0 0.10546875 0.48515625 0.2 0.746875
0 0.5015625 0.0734375 0.51796875 0.05625
0 0.51640625 0.1609375 0.57890625 0.078125
0 0.503125 0.2671875 0.553125 0.115625
0 0.4984375 0.45390625 0.54296875 0.17421875
0 0.59296875 0.54453125 0.10859375 0.1015625
0 0.76953125 0.6078125 0.146875 0.15390625
0 0.6390625 0.68125 0.1296875 0.13203125
0 0.41171875 0.66015625 0.15078125 0.11484375
0 0.521875 0.834375 0.721875 0.17734375
0 0.896875 0.490625 0.2 0.79296875