0 0.50546875 0.45234375 0.5537109375 0.2048828125
0 0.88515625 0.484375 0.2296875 0.75625
0 0.4984375 0.0734375 0.519140625 0.09609375
0 0.48359375 0.1609375 0.581640625 0.1078125
0 0.496875 0.2671875 0.55703125 0.1390625
0 0.5015625 0.45390625 0.5544921875 0.2236328125
0 0.40703125 0.54453125 0.1087890625 0.10234375
0 0.23046875 0.6078125 0.15859375 0.1642578125
0 0.3609375 0.68125 0.133984375 0.1361328125
0 0.58828125 0.66015625 0.1544921875 0.1189453125
0 0.478125 0.834375 0.7265625 0.201953125
0 0.103125 0.490625 0.20625 0.794921875